0 0 p5 11 14 11 16 12 13 10 16 10 16 13 14 12 17 10 14 11 17 11 17 12
1 1 p5 12 14 11 17 13 17 13 13 12 14 10 15 13
1 2 p4 11 15 13 14 10 16 13 15 12 17 12
1 3 p4 12 13 10 13 12 14 10 14 10 13 12 16 11
2 4 p3 11 16 12 13 11 15 10 14 10 17 13
2 5 p1 11 13 12 13 10 15 11 14 13 14 12 14 10 15 11 15 13
2 6 p5 12 13 13 13 11 16 10 14 12 14 12 16 13 17 10 13 10 13 12 16 10
3 7 p3 12 17 12 16 11 15 13 14 11 13 13
3 8 p5 10 13 11 16 13 16 13 16 13 15 11 13 11 13 11 16 12 14 12
3 9 p3 11 17 12 14 10 16 10 16 13 16 13 13 10 17 12 14 10 13 10 14 10
4 10 p4 13 17 10 14 13 14 10 14 12 15 10 14 11
5 11 p2 11 16 13 14 11 13 12 14 13 15 13 13 13 14 11
5 12 p3 10 13 10 13 10 16 13 14 13 14 11 17 10 16 11
6 13 p3 10 14 11 16 10 16 11 13 10 14 11 16 10 15 13 14 13
6 14 p4 13 14 11 14 10 16 12 15 12 14 10 17 10 13 10 15 13
6 15 p4 13 14 11 17 11 13 12 17 13 13 12 17 10 13 12
7 16 p2 12 17 12 16 11 15 13 13 11 13 13
8 17 p1 13 13 11 15 12 15 12 14 13 13 13 14 13 15 10 15 11 16 10
8 18 p1 13 15 12 13 13 14 10 17 12 13 12 14 11 14 13 16 10 13 10
8 19 p2 12 16 11 14 13 17 12 17 12 16 11
9 20 p1 10 16 11 14 11 16 12 17 10 16 10
9 21 p1 12 14 11 14 13 14 13 14 11 13 11 13 10 14 12 15 11 17 13 14 12
9 22 p2 13 16 13 16 11 15 10 15 11 17 13 15 11 15 11 16 11
10 23 p4 13 15 11 15 13 16 11 13 12 15 10 15 12 14 12 13 11
10 24 p2 13 13 13 14 11 15 11 17 13 15 12 14 12 17 10 17 11 14 10 17 12
11 25 p5 12 14 13 16 12 13 13 13 12 14 13 13 13 13 10 17 13 16 10 16 11
11 26 p5 13 15 10 15 12 13 11 17 12 13 10 15 12
12 27 p1 12 14 12 14 13 16 11 16 13 17 10 17 10
12 28 p1 13 14 13 16 13 16 11 13 12 14 12 17 13 13 10
12 29 p1 13 14 11 17 10 17 13 16 13 17 10
13 30 p3 10 13 13 16 13 13 13 17 12 17 12 15 10
14 31 p2 10 13 11 13 12 14 12 13 11 17 13 17 10 13 12 13 12 14 13 15 10
14 32 p4 11 13 11 13 13 14 13 17 10 17 10 17 13
15 33 p5 11 15 12 13 10 17 13 17 11 17 13 15 13 17 11
15 34 p3 11 16 13 16 10 14 12 15 11 13 11 15 13
16 35 p5 11 13 13 14 11 17 12 14 10 15 13 15 11
16 36 p4 11 13 11 15 12 14 10 14 12 13 11 17 11
16 37 p3 13 17 10 16 10 15 10 16 13 17 11 13 13 13 11 14 10
17 38 p5 11 15 13 14 13 13 11 14 12 16 13 17 10 14 10
17 39 p2 10 15 13 16 12 15 12 14 12 16 11 15 11 13 13 14 12
18 40 p1 13 13 10 15 13 14 12 15 12 14 11 15 11 16 10
18 41 p3 12 16 12 15 12 14 11 14 11 14 13 17 13 13 10
18 42 p1 13 17 10 15 12 16 13 16 12 15 13 14 10 16 11 17 11
19 43 p4 12 13 13 16 13 16 11 16 11 14 11 16 12
19 44 p3 11 16 13 16 11 14 13 14 10 17 13 16 10 17 13 14 12 16 12 14 11
19 45 p1 10 16 11 13 10 17 11 15 11 17 11 13 11 14 13 14 13 13 10 17 13
20 46 p4 12 14 10 13 11 17 10 16 11 13 13 17 10 15 12 16 10 15 12
21 47 p2 12 13 11 16 10 14 11 14 11 14 11 15 13 16 13
22 48 p4 10 16 12 16 13 15 12 16 10 13 12
22 49 p2 10 17 11 14 13 14 11 13 11 16 13 17 13
23 50 p1 10 14 10 16 11 15 10 16 10 15 11 16 11 16 11 17 13
23 51 p1 13 15 12 16 12 14 13 15 11 16 12
23 52 p4 11 16 11 15 12 16 10 15 11 15 13 14 11
24 53 p5 12 14 12 14 12 17 13 17 13 16 13 15 12
24 54 p3 12 14 13 13 10 15 12 14 10 16 13
24 55 p3 10 13 10 14 11 17 11 16 10 16 13
25 56 p3 12 17 12 14 10 13 11 14 13 15 13
26 57 p3 13 13 11 15 11 16 12 14 12 15 11
26 58 p5 13 14 12 17 11 13 12 13 13 14 11 15 12 14 13
26 59 p2 13 15 10 17 12 14 10 14 12 16 13 17 10 16 12 15 13 14 11
27 60 p3 12 14 11 16 12 14 11 14 13 14 13 15 12 14 13 16 13 15 12 15 11
27 61 p3 11 16 12 14 12 15 12 17 13 15 12
28 62 p2 13 15 11 13 13 13 13 14 13 14 13 15 12 14 13
28 63 p2 10 17 11 13 13 17 11 16 12 13 11 15 11 17 13 14 12 13 11
29 64 p4 12 13 10 17 10 13 12 14 12 14 11 16 12 15 11 14 10 17 13 15 11
30 65 p5 12 14 12 17 11 14 11 14 12 13 12 14 12
30 66 p5 11 13 12 14 10 13 10 13 13 14 13 14 11 16 11
30 67 p1 10 15 12 16 13 15 12 13 12 13 10 14 13 17 13 13 10 14 11
31 68 p4 13 17 10 14 12 15 12 15 13 16 11 15 13
32 69 p1 11 15 13 15 12 17 12 17 12 14 12 17 10
32 70 p1 10 17 11 16 11 14 12 16 11 16 10 16 13 17 11 15 13 13 11 13 11
32 71 p1 11 13 13 13 11 17 11 14 10 13 13 14 12 13 12 17 12 13 13
33 72 p2 12 15 12 16 11 17 10 13 10 16 13 17 11 13 11 15 11
33 73 p5 10 14 10 14 10 14 11 17 10 15 12 13 11
33 74 p4 13 17 11 17 13 16 11 15 10 15 10
34 75 p2 10 17 10 14 11 16 13 16 11 13 10 14 10 15 11 15 13 14 11 15 11
34 76 p2 12 15 12 17 10 17 11 16 13 17 12 16 12 14 12
35 77 p2 11 16 10 16 13 13 13 15 13 16 10 15 13 16 10
36 78 p5 11 13 10 15 11 17 12 16 12 15 13
36 79 p1 12 14 11 16 11 17 11 14 10 14 10 14 10 17 12 15 10
36 80 p4 10 17 13 16 10 17 10 13 13 14 12 16 12 15 11 16 13 16 12
37 81 p1 10 15 13 17 12 13 13 17 13 16 10 16 13 17 10 15 10 13 12 15 13
37 82 p2 10 17 11 15 12 13 12 17 13 13 12 14 11 16 13
37 83 p4 10 14 10 13 13 14 13 16 11 14 11 15 12 17 12 16 10 15 11 13 12
38 84 p4 10 13 10 15 12 15 11 15 12 16 13 16 13 16 10 17 10
38 85 p5 10 13 11 16 13 17 11 13 11 14 13 17 11 17 10 15 13 17 12 16 10
39 86 p3 11 15 10 14 11 16 13 15 11 17 10
39 87 p4 11 16 12 16 12 15 10 14 13 17 11 13 12
39 88 p3 10 16 11 13 10 17 13 16 12 15 10 14 12 16 13 16 12
40 89 p5 10 16 12 15 11 14 10 13 12 15 10
40 90 p2 12 13 12 15 13 17 10 13 12 14 10
40 91 p4 13 13 11 17 13 16 12 13 10 15 13 14 10 15 13 15 13 16 11 15 10
41 92 p2 13 16 10 13 12 14 10 17 12 16 10 13 11 16 13 14 12
41 93 p3 12 13 11 14 11 17 13 15 13 14 13 15 10 16 10
41 94 p5 12 13 13 17 11 14 11 16 12 16 12 15 10 14 10
42 95 p5 12 17 10 17 13 15 10 13 12 16 10 17 12
42 96 p3 10 13 11 17 13 14 10 15 11 17 13 16 10
43 97 p1 10 16 11 15 11 16 12 17 13 15 13 14 12 17 10
43 98 p2 11 16 12 17 11 17 10 14 11 14 13 13 10 16 12
44 99 p5 13 17 11 15 13 15 11 15 13 13 12 17 12 13 12 14 12 17 12 14 11
